下面给出 按照图片名为排序的标签，此标签对应train、test和val的图片顺序。

The following presents the labels sorted by the names of the images. This label corresponds to the image sequence of train, test and val.


train:
00002
00003
00004
00005
00006
00007
00008
00011
00013
00014
00015
00016
00018
00019
00020
00021
00023
00024
00025
00028
00030
00031
00032
00033
00035
00036
00039
00040
00041
00043
00047
00049
00050
00051
00052
00055
00056
00059
00060
00061
00064
00065
00066
00067
00068
00070
00071
00072
00073
00074
00075
00076
00077
00078
00079
00080
00082
00083
00085
00086
00087
00088
00090
00092
00093
00094
00095
00096
00100
00101
00102
00103
00105
00106
00107
00108
00109
00110
00113
00114
00116
00117
00119
00121
00123
00125
00126
00127
00128
00129
00130
00132
00134
00136
00137
00138
00139
00140
00141
00142
00143
00145
00146
00147
00149
00150
00151
00153
00154
00155
00158
00159
00160
00164
00167
00168
00169
00170
00171
00172
00173
00175
00177
00180
00181
00183
00184
00185
00186
00188
00190
00191
00192
00194
00195
00196
00197
00198
00199
00201
00202
00203
00204
00205
00206
00208
00209
00212
00213
00214
00217
00218
00220
00221
00223
00224
00226
00228
00229
00230
00232
00234
00235
00237
00238
00239
00242
00243
00244
00245
00246
00247
00248
00249
00250
00251
00252
00253
00254
00255
00257
00258
00259
00260
00261
00262
00263
00264
00265
00266
00267
00268
00270
00271
00272
00273
00275
00277
00279
00280
00281
00282
00283
00285
00286
00287
00288
00289
00291
00295
00297
00298
00299
00301
00302
00304
00306
00307
00308
00311
00312
00313
00314
00315
00317
00318
00319
00320
00321
00323
00324
00325
00326
00327
00328
00329
00330
00331
00333
00335
00337
00338
00340
00342
00345
00346
00347
00348
00350
00353
00354
00355
00358
00359
00362
00363
00364
00365
00366
00367
00368
00370
00372
00373
00375
00376
00378
00379
00380
00381
00382
00383
00385
00386
00387
00388
00389
00390
00391
00392
00393
00394
00395
00397
00398
00400
00402
00403
00406
00408
00409
00410
00411
00412
00414
00415
00416
00417
00419
00420
00421
00422
00424
00425
00427
00428
00429
00430
00434
00435
00437
00440
00441
00442
00443
00444
00445
00446
00447
00448
00449
00453
00454
00455
00456
00458
00459
00461
00463
00464
00467
00468
00469
00471
00473
00474
00476
00477
00479
00480
00481
00482
00483
00484
00486
00487
00489
00490
00491
00492
00493
00497
00499
00501
00503
00506
00507
00509
00510
00511
00512
00513
00514
00515
00516
00518
00519
00520
00521
00522
00523
00524
00525
00526
00527
00528
00531
00532
00533
00534
00537
00538
00539
00540
00541
00542
00544
00545
00546
00548
00549
00552
00554
00557
00559
00560
00562
00563
00564
00565
00567
00568
00570
00572
00573
00576
00577
00579
00580
00581
00583
00584
00585
00587
00588
00591
00592
00595
00596
00597
00599
00600
00602
00603
00609
00610
00611
00612
00614
00615
00616
00617
00621
00623
00624
00626
00627
00628
00629
00630
00631
00632
00633
00634
00635
00637
00643
00645
00646
00647
00648
00651
00652
00653
00654
00656
00659
00660
00661
00664
00666
00667
00668
00669
00670
00671
00673
00674
00675
00676
00677
00678
00680
00681
00684
00685
00686
00687
00688
00689
00690
00691
00692
00693
00694
00695
00697
00698
00699
00700
00701
00703
00704
00706
00707
00708
00709
00710
00711
00712
00713
00715
00718
00720
00722
00723
00724
00725
00728
00730
00731
00732
00733
00734
00737
00738
00741
00742
00744
00745
00746
00747
00748
00749
00750
00753
00754
00755
00757
00758
00759
00760
00762
00763
00765
00767
00769
00772
00773
00774
00775
00776
00777
00778
00779
00781
00782
00786
00787
00789
00790
00791
00792
00793
00795
00796
00798
00799
00800
00801
00803
00805
00806
00807
00808
00809
00810
00811
00812
00813
00814
00815
00817
00819
00820
00821
00822
00823
00824
00825
00826
00828
00829
00831
00835
00836
00838
00839
00841
00842
00843
00844
00845
00846
00847
00849
00853
00854
00855
00856
00858
00859
00861
00862
00863
00864
00867
00869
00871
00872
00874
00876
00877
00878
00880
00881
00885
00886
00887
00889
00891
00892
00894
00895
00896
00897
00898
00899
00900
00904
00905
00906
00907
00908
00909
00911
00913
00914
00915
00916
00918
00919
00920
00921
00923
00926
00928
00929
00933
00934
00935
00937
00938
00939
00940
00943
00946
00948
00950
00952
00953
00954
00955
00956
00957
00959
00960
00961
00962
00963
00964
00967
00968
00969
00971
00972
00973
00976
00977
00978
00979
00980
00981
00982
00983
00984
00985
00986
00987
00989
00990
00991
00992
00994
00995
00997
00998
00999
01000
01003
01004
01005
01006
01007
01009
01010
01011
01012
01014
01015
01017
01018
01019
01020
01021
01024
01025
01026
01027
01028
01029
01030
01032
01033
01035
01036
01037
01039
01042
01044
01045
01046
01048
01050
01051
01055
01056
01057
01058
01060
01061
01062
01063
01064
01065
01066
01068
01070
01072
01073
01074
01075
01076
01078
01081
01082
01084
01085
01086
01087
01088
01089
01090
01091
01092
01094
01096
01100
01102
01103
01104
01105
01109
01110
01111
01112
01114
01115
01116
01117
01118
01119
01120
01122
01125
01127
01128
01130
01131
01133
01134
01135
01137
01139
01141
01142
01143
01144
01145
01146
01147
01148
01149
01151
01152
01153
01154
01155
01156
01159
01160
01161
01162
01163
01166
01167
01168
01169
01171
01173
01174
01175
01176
01177
01178
01179
01180
01182
01184
01186
01187
01188
01189
01190
01191
01192
01193
01194
01195
01196
01197
01198
01200
01201
01203
01205
01206
01207
01211
01212
01213
01214
01215
01216
01218
01219
01220
01222
01223
01224
01225
01227
01228
01229
01231
01232
01233
01234
01235
01236
01237
01238
01240
01241
01242
01243
01244
01245
01247
01250
01251
01252
01253
01255
01256
01257
01259
01260
01262
01265
01266
01267
01268
01269
01270
01271
01272
01273
01274
01275
01276
01278
01279
01280
01281
01282
01285
01286
01289
01290
01291
01293
01295
01296
01298
01299
01300
01302
01306
01307
01308
01309
01310
01311
01312
01313
01314
01315
01316
01317
01318
01319
01322
01323
01324
01326
01327
01330
01331
01336
01337
01338
01341
01343
01344
01346
01347
01348
01349
01351
01355
01356
01357
01358
01359
01360
01361
01362
01363
01367
01369
01370
01371
01372
01373
01374
01377
01378
01379
01380
01381
01382
01383
01384
01385
01386
01388
01389
01392
01395
01397
01398
01400
01401
01402
01403
01404
01405
01407
01408
01409
01410
01411
01412
01414
01415
01416
01419
01420
01421
01422
01423
01424
01425
01428
01429
01430
01432
01433
01435
01436
01438
01439
01440
01443
01445
01446
01447
01449
01450
01451
01452
01454
01455
01456
01457
01458
01460
01463
01464
01465
01466
01469
01472
01473
01475
01476
01477
01479
01480
01481
01482
01485
01486
01487
01488
01489
01491
01492
01493
01494
01496
01497
01498
01499
01501
01503
01504
01505
01506
01507
01508
01511
01512
01513
01514
01516
01520
01521
01523
01524
01525
01528
01529
01530
01531
01532
01533
01537
01539
01544
01547
01549
01550
01551
01553
01554
01555
01556
01557
01558
01559
01560
01561
01562
01564
01565
01567
01568
01569
01572
01573
01575
01576
01577
01578
01580
01582
01583
01584
01586
01587
01588
01589
01591
01594
01595
01599
01601
01602
01603
01604
01606
01607
01608
01609
01610
01612
01613
01616
01618
01619
01620
01624
01626
01627
01629
01630
01631
01632
01634
01635
01636
01637
01638
01639
01640
01641
01643
01645
01646
01648
01650
01651
01652
01654
01655
01656
01658
01659
01660
01661
01662
01664
01666
01667
01668
01670
01671
01672
01673
01675
01676
01677
01678
01679
01680
01681
01682
01683
01684
01685
01688
01689
01690
01692
01693
01696
01699
01700
01704
01705
01706
01707
01708
01709
01712
01713
01714
01715
01716
01717
01719
01720
01721
01722
01723
01724
01725
01727
01728
01729
01730
01731
01733
01735
01736
01737
01739
01740
01743
01746
01747
01749
01751
01752
01753
01754
01755
01756
01757
01758
01759
01760
01762
01763
01764
01766
01767
01769
01770
01771
01772
01775
01776
01777
01778
01779
01780
01781
01782
01783
01785
01786
01789
01791
01792
01793
01795
01796
01798
01799
01801
01802
01803
01804
01805
01806
01809
01810
01812
01813
01815
01816
01817
01818
01819
01820
01821
01822
01823
01824
01826
01827
01828
01829
01830
01832
01833
01835
01836
01837
01839
01841
01843
01845
01847
01850
01852
01853
01855
01857
01858
01860
01861
01864
01865
01866
01867
01868
01870
01871
01874
01875
01876
01877
01879
01881
01882
01884
01885
01888
01890
01891
01892
01896
01897
01899
01901
01903
01904
01906
01909
01911
01913
01914
01915
01917
01918
01919
01921
01923
01924
01925
01926
01927
01929
01930
01931
01932
01935
01938
01939
01941
01942
01944
01945
01946
01948
01949
01953
01954
01955
01956
01957
01958
01959
01960
01961
01962
01963
01964
01965
01966
01967
01968
01969
01970
01971
01975
01976
01977
01978
01979
01980
01982
01983
01984
01985
01986
01987
01988
01989
01990
01991
01992
01993
01994
01995
01996
01997
01998
01999
02000
02001
02002
02005
02006
02007
02008
02009
02010
02011
02013
02015
02016
02017
02018
02021
02022
02023
02025
02027
02028
02029
02030
02031
02032
02034
02037
02038
02039
02040
02041
02042
02043
02044
02045
02048
02049
02050
02051
02052
02053
02054
02055
02056
02057
02058
02060
02062
02064
02065
02066
02070
02073
02075
02077
02081
02084
02086
02087
02088
02089
02090
02094
02095
02096
02097
02099
02100
02102
02103
02106
02107
02108
02110
02111
02113
02116
02117
02118
02119
02120
02122
02124
02125
02127
02129
02130
02131
02132
02133
02135
02136
02138
02140
02141
02143
02144
02145
02147
02148
02149
02150
02151
02152
02153
02154
02155
02156
02157
02159
02160
02161
02162
02163
02164
02165
02166
02167
02168
02170
02173
02174
02176
02177
02178
02179
02180
02182
02184
02185
02186
02190
02191
02193
02194
02196
02197
02198
02199
02201
02202
02203
02205
02208
02209
02210
02211
02212
02214
02215
02216
02221
02222
02224
02225
02228
02229
02230
02231
02232
02234
02235
02236
02237
02238
02239
02240
02241
02242
02243
02244
02245
02246
02247
02248
02250
02251
02252
02253
02254
02256
02257
02258
02259
02260
02261
02262
02263
02264
02265
02266
02267
02269
02271
02272
02274
02275
02276
02277
02278
02279
02280
02282
02283
02285
02286
02287
02292
02293
02294
02295
02296
02297
02298
02302
02303
02304
02305
02306
02307
02309
02310
02311
02313
02314
02315
02316
02317
02319
02320
02321
02323
02327
02329
02330
02331
02332
02333
02334
02335
02336
02337
02338
02339
02341
02344
02345
02346
02349
02351
02352
02353
02355
02356
02357
02360
02361
02362
02363
02364
02366
02367
02368
02370
02371
02373
02375
02376
02377
02378
02379
02380
02381
02382
02384
02385
02387
02388
02389
02392
02394
02396
02397
02398
02399
02400
02401
02402
02403
02405
02407
02408
02409
02412
02413
02414
02415
02417
02418
02419
02422
02423
02425
02426
02428
02429
02430
02432
02433
02434
02435
02438
02440
02443
02445
02447
02448
02450
02451
02452
02453
02454
02455
02460
02461
02462
02464
02466
02467
02468
02469
02470
02471
02472
02473
02474
02475
02478
02480
02481
02483
02484
02486
02487
02488
02489
02491
02494
02496
02497
02499
02503
02504
02505
02508
02509
02510
02511
02514
02515
02516
02517
02519
02522
02524
02526
02527
02528
02529
02531
02532
02534
02535
02536
02537
02539
02541
02544
02547
02548
02550
02551
02553
02554
02555
02556
02558
02559
02560
02561
02562
02565
02566
02569
02570
02572
02573
02574
02576
02577
02578
02579
02580
02581
02582
02584
02585
02586
02587
02588
02589
02590
02591
02592
02594
02595
02598
02599
02600
02601
02603
02604
02606
02608
02609
02611
02612
02613
02615
02616
02617
02618
02622
02624
02625
02626
02628
02629
02631
02632
02633
02636
02637
02638
02640
02642
02643
02644
02645
02647
02649
02651
02652
02654
02655
02656
02658
02659
02660
02661
02662
02663
02664
02666
02669
02671
02674
02677
02678
02680
02682
02685
02686
02687
02689
02693
02694
02697
02698
02699
02700
02702
02703
02704
02707
02708
02709
02710
02711
02712
02714
02718
02719
02722
02724
02725
02726
02727
02730
02732
02733
02734
02735
02738
02739
02740
02741
02743
02744
02745
02746
02748
02749
02750
02752
02755
02756
02758
02761
02762
02763
02765
02766
02768
02769
02770
02771
02772
02773
02774
02777
02778
02779
02780
02781
02782
02783
02784
02785
02786
02787
02788
02789
02790
02791
02792
02793
02794
02799
02800
02802
02803
02805
02806
02807
02808
02809
02810
02811
02813
02814
02816
02818
02819
02820
02821
02823
02824
02825
02826
02827
02828
02831
02832
02834
02835
02836
02837
02838
02839
02840
02841
02842
02843
02845
02846
02847
02848
02850
02851
02852
02854
02857
02859
02861
02862
02863
02866
02867
02868
02869
02870
02871
02872
02875
02876
02877
02878
02879
02880
02882
02883
02884
02886
02887
02888
02889
02890
02891
02892
02893
02894
02895
02896
02898
02899
02900
02901
02902
02906
02907
02908
02910
02912
02913
02914
02915
02917
02918
02919
02921
02922
02923
02924
02925
02928
02929
02930
02931
02933
02934
02935
02936
02939
02940
02941
02942
02943
02946
02947
02948
02949
02951
02952
02954
02955
02956
02957
02958
02964
02965
02966
02967
02968
02971
02972
02974
02975
02976
02978
02979
02980
02981
02982
02983
02987
02988
02989
02991
02993
02994
02997
03001
03002
03005
03006
03007
03008
03009
03011
03012
03013
03014
03016
03021
03023
03024
03025
03026
03028
03030
03034
03035
03037
03039
03040
03041
03042
03044
03045
03046
03047
03048
03049
03050
03051
03052
03053
03054
03055
03057
03059
03060
03061
03064
03065
03066
03067
03069
03071
03072
03074
03075
03076
03077
03078
03080
03081
03082
03083
03084
03085
03086
03087
03088
03090
03091
03092
03095
03096
03097
03098
03100
03101
03102
03103
03105
03107
03108
03111
03113
03115
03116
03119
03120
03121
03122
03123
03124
03125
03127
03131
03133
03134
03136
03138
03139
03140
03141
03143
03144
03145
03148
03150
03151
03153
03154
03155
03156
03157
03158
03159
03160
03162
03163
03164
03165
03166
03168
03169
03170
03171
03172
03174
03176
03177
03179
03180
03182
03183
03184
03185
03186
03187
03188
03190
03191
03198
03199
03200
03201
03202
03204
03205
03206
03208
03210
03212
03214
03215
03216
03217
03218
03219
03220
03221
03223
03224
03227
03229
03230
03231
03234
03235
03236
03237
03238
03239
03241
03242
03243
03245
03247
03248
03249
03250
03251
03252
03256
03257
03258
03259
03260
03262
03263
03264
03265
03266
03268
03270
03271
03272
03274
03275
03276
03277
03278
03279
03280
03281
03282
03283
03284
03285
03287
03288
03289
03291
03296
03297
03298
03300
03301
03302
03304
03305
03306
03309
03311
03313
03314
03316
03317
03319
03320
03321
03323
03324
03325
03326
03327
03328
03330
03331
03332
03334
03336
03337
03338
03339
03340
03341
03342
03344
03345
03347
03351
03352
03353
03354
03355
03356
03358
03359
03361
03362
03363
03365
03366
03367
03371
03372
03373
03374
03378
03380
03383
03384
03385
03386
03387
03389
03391
03394
03397
03398
03399
03402
03406
03409
03410
03411
03413
03414
03415
03418
03419
03422
03425
03427
03428
03429
03430
03431
03432
03433
03434
03435
03436
03439
03440
03441
03442
03443
03444
03445
03446
03447
03448
03449
03450
03452
03454
03456
03457
03459
03460
03463
03464
03466
03467
03468
03469
03470
03471
03472
03473
03474
03475
03478
03479
03480
03484
03485
03486
03488
03489
03490
03491
03493
03494
03495
03496
03497
03498
03499
03500
03502
03503
03505
03506
03507
03508
03510
03511
03514
03517
03518
03520
03522
03523
03524
03525
03526
03527
03529
03530
03531
03532
03533
03534
03535
03536
03537
03538
03539
03540
03541
03542
03543
03544
03545
03546
03547
03548
03549
03550
03551
03553
03554
03555
03556
03558
03559
03561
03562
03564
03565
03566
03567
03568
03569
03570
03571
03574
03576
03577
03578
03579
03581
03583
03584
03586
03588
03589
03590
03591
03592
03593
03594
03595
03596
03597
03598
03599
03600
03602
03603
03604
03605
03606
03607
03608
03609
03612
03613
03615
03617
03618
03621
03625
03627
03628
03629
03630
03631
03632
03634
03635
03636
03637
03638
03639
03642
03644
03645
03647
03648
03649
03650
03652
03653
03655
03656
03658
03659
03660
03662
03664
03667
03668
03669
03670
03672
03673
03674
03675
03676
03677
03680
03684
03687
03688
03689
03690
03692
03698
03699
03700
03701
03702
03703
03706
03707
03709
03710
03711
03712
03713
03714
03717
03718
03719
03720
03721
03723
03724
03725
03726
03727
03729
03730
03731
03732
03734
03735
03736
03738
03740
03741
03742
03743
03744
03746
03747
03748
03750
03752
03753
03754
03755
03758
03760
03761
03762
03764
03765
03766
03768
03770
03771
03772
03773
03774
03775
03776
03777
03778
03779
03781
03782
03784
03785
03788
03789
03791
03792
03793
03794
03796
03797
03799
03800
03801
03803
03804
03805
03806
03807
03810
03813
03814
03815
03819
03820
03821
03822
03823
03824
03826
03827
03828
03829
03830
03831
03832
03835
03838
03839
03842
03843
03847
03849
03850
03852
03854
03855
03856
03857
03858
03862
03864
03865
03866
03867
03868
03869
03872
03875
03877
03879
03880
03881
03882
03884
03885
03886
03887
03889
03890
03891
03893
03895
03896
03897
03901
03902
03903
03905
03910
03911
03913
03915
03916
03917
03918
03920
03921
03922
03923
03924
03926
03927
03929
03930
03931
03932
03933
03934
03935
03939
03940
03941
03943
03944
03945
03946
03947
03948
03949
03951
03953
03955
03957
03958
03960
03961
03962
03963
03964
03965
03967
03968
03969
03970
03972
03974
03976
03977
03978
03981
03982
03983
03984
03985
03987
03988
03989
03991
03994
03995
03996
03997
03998
03999
04000
04001
04002
04003
04005
04006
04007
04008
04011
04013
04014
04015
04017
04018
04019
04021
04023
04024
04025
04026
04027
04029
04030
04031
04032
04034
04035
04036
04037
04038
04039
04042
04043
04044
04047
04050
04052
04053
04056
04057
04059
04060
04061
04062
04063
04064
04065
04066
04069
04070
04072
04073
04074
04075
04076
04077
04079
04081
04082
04083
04084
04085
04086
04087
04088
04091
04092
04093
04095
04096
04097
04099
04100
04101
04102
04103
04104
04105
04106
04107
04109
04110
04111
04112
04114
04115
04116
04117
04118
04119
04120
04121
04122
04123
04124
04125
04126
04127
04128
04129
04130
04131
04132
04133
04134
04136
04137
04139
04141
04142
04143
04144
04145
04146
04147
04148
04151
04152
04153
04154
04155
04156
04157
04161
04162
04163
04165
04166
04167
04168
04169
04170
04171
04173
04174
04175
04176
04180
04181
04182
04183
04184
04186
04187
04189
04190
04191
04192
04193
04195
04197
04198





val:
00000
00009
00012
00017
00026
00027
00034
00038
00044
00045
00048
00053
00057
00063
00069
00081
00091
00098
00099
00104
00111
00115
00120
00144
00148
00152
00156
00161
00179
00216
00225
00227
00240
00241
00274
00278
00284
00290
00292
00300
00309
00310
00316
00339
00343
00351
00360
00369
00371
00374
00399
00404
00405
00450
00460
00470
00475
00478
00485
00488
00498
00504
00505
00508
00517
00530
00535
00536
00547
00550
00551
00556
00561
00566
00569
00574
00578
00593
00594
00606
00607
00608
00618
00619
00622
00636
00639
00640
00642
00644
00650
00655
00657
00663
00672
00682
00705
00719
00721
00726
00727
00736
00743
00752
00764
00768
00771
00784
00794
00797
00802
00804
00832
00837
00848
00852
00860
00865
00868
00873
00882
00893
00901
00902
00912
00917
00922
00936
00942
00947
00949
00958
00965
00970
00974
00975
00993
00996
01016
01022
01031
01034
01038
01040
01052
01067
01069
01077
01083
01093
01097
01098
01099
01107
01108
01113
01121
01123
01129
01136
01140
01157
01158
01164
01170
01181
01183
01185
01202
01204
01208
01209
01239
01246
01248
01263
01277
01284
01287
01292
01294
01304
01305
01320
01321
01328
01329
01332
01342
01345
01350
01352
01365
01366
01368
01376
01394
01396
01413
01417
01431
01434
01437
01441
01442
01448
01453
01461
01462
01467
01478
01484
01490
01495
01509
01510
01515
01517
01519
01526
01535
01536
01541
01543
01546
01563
01571
01574
01579
01581
01590
01592
01593
01596
01597
01598
01600
01614
01621
01623
01625
01628
01642
01644
01647
01649
01657
01665
01669
01691
01694
01695
01698
01702
01710
01711
01718
01726
01732
01734
01738
01741
01742
01748
01761
01765
01768
01784
01790
01797
01808
01811
01825
01838
01844
01846
01848
01854
01856
01859
01862
01863
01869
01878
01886
01887
01894
01895
01907
01910
01916
01928
01933
01934
01936
01943
01947
01950
01951
01973
02003
02004
02012
02014
02019
02020
02024
02033
02035
02046
02059
02063
02069
02071
02074
02078
02079
02080
02082
02085
02092
02093
02098
02134
02139
02146
02158
02171
02172
02181
02188
02189
02195
02204
02217
02218
02220
02223
02226
02268
02270
02281
02284
02290
02291
02308
02312
02322
02325
02328
02347
02354
02358
02365
02386
02391
02393
02404
02406
02410
02416
02420
02424
02427
02431
02436
02441
02442
02446
02456
02457
02458
02459
02465
02477
02479
02498
02500
02501
02506
02513
02518
02520
02530
02542
02545
02549
02563
02568
02575
02583
02593
02596
02597
02614
02619
02627
02630
02635
02641
02646
02665
02668
02672
02673
02675
02676
02679
02684
02691
02696
02701
02706
02715
02716
02717
02729
02731
02736
02737
02751
02753
02757
02760
02764
02775
02797
02798
02801
02804
02815
02817
02829
02833
02853
02856
02858
02865
02873
02874
02881
02885
02897
02903
02909
02920
02927
02932
02938
02944
02953
02959
02962
02963
02969
02970
02985
02990
02999
03003
03010
03015
03018
03022
03027
03029
03031
03033
03038
03043
03062
03070
03073
03079
03094
03099
03109
03110
03112
03114
03117
03129
03161
03167
03178
03193
03194
03213
03226
03232
03240
03244
03253
03254
03267
03273
03286
03294
03295
03299
03312
03335
03346
03348
03349
03357
03360
03364
03375
03379
03381
03393
03395
03403
03407
03412
03416
03423
03438
03451
03453
03461
03476
03481
03482
03487
03501
03509
03512
03519
03521
03552
03557
03563
03572
03573
03575
03582
03611
03616
03620
03622
03623
03624
03633
03641
03646
03651
03657
03661
03665
03666
03671
03683
03686
03693
03696
03705
03708
03715
03737
03745
03751
03757
03767
03769
03787
03798
03802
03811
03816
03818
03825
03833
03834
03836
03837
03841
03844
03845
03853
03860
03861
03870
03871
03874
03876
03878
03892
03894
03898
03899
03904
03907
03908
03909
03912
03914
03919
03925
03936
03942
03950
03954
03956
03966
03986
03990
03993
04012
04016
04022
04028
04046
04048
04049
04051
04054
04067
04078
04089
04108
04135
04140
04164
04172
04177
04179
04185
04188


test:
00001
00010
00022
00029
00037
00042
00046
00054
00058
00062
00084
00089
00097
00112
00118
00122
00124
00131
00133
00135
00157
00162
00163
00165
00166
00174
00176
00178
00182
00187
00189
00193
00200
00207
00210
00211
00215
00219
00222
00231
00233
00236
00256
00269
00276
00293
00294
00296
00303
00305
00322
00332
00334
00336
00341
00344
00349
00352
00356
00357
00361
00377
00384
00396
00401
00407
00413
00418
00423
00426
00431
00432
00433
00436
00438
00439
00451
00452
00457
00462
00465
00466
00472
00494
00495
00496
00500
00502
00529
00543
00553
00555
00558
00571
00575
00582
00586
00589
00590
00598
00601
00604
00605
00613
00620
00625
00638
00641
00649
00658
00662
00665
00679
00683
00696
00702
00714
00716
00717
00729
00735
00739
00740
00751
00756
00761
00766
00770
00780
00783
00785
00788
00816
00818
00827
00830
00833
00834
00840
00850
00851
00857
00866
00870
00875
00879
00883
00884
00888
00890
00903
00910
00924
00925
00927
00930
00931
00932
00941
00944
00945
00951
00966
00988
01001
01002
01008
01013
01023
01041
01043
01047
01049
01053
01054
01059
01071
01079
01080
01095
01101
01106
01124
01126
01132
01138
01150
01165
01172
01199
01210
01217
01221
01226
01230
01249
01254
01258
01261
01264
01283
01288
01297
01301
01303
01325
01333
01334
01335
01339
01340
01353
01354
01364
01375
01387
01390
01391
01393
01399
01406
01418
01426
01427
01444
01459
01468
01470
01471
01474
01483
01500
01502
01518
01522
01527
01534
01538
01540
01542
01545
01548
01552
01566
01570
01585
01605
01611
01615
01617
01622
01633
01653
01663
01674
01686
01687
01697
01701
01703
01744
01745
01750
01773
01774
01787
01788
01794
01800
01807
01814
01831
01834
01840
01842
01849
01851
01872
01873
01880
01883
01889
01893
01898
01900
01902
01905
01908
01912
01920
01922
01937
01940
01952
01972
01974
01981
02026
02036
02047
02061
02067
02068
02072
02076
02083
02091
02101
02104
02105
02109
02112
02114
02115
02121
02123
02126
02128
02137
02142
02169
02175
02183
02187
02192
02200
02206
02207
02213
02219
02227
02233
02249
02255
02273
02288
02289
02299
02300
02301
02318
02324
02326
02340
02342
02343
02348
02350
02359
02369
02372
02374
02383
02390
02395
02411
02421
02437
02439
02444
02449
02463
02476
02482
02485
02490
02492
02493
02495
02502
02507
02512
02521
02523
02525
02533
02538
02540
02543
02546
02552
02557
02564
02567
02571
02602
02605
02607
02610
02620
02621
02623
02634
02639
02648
02650
02653
02657
02667
02670
02681
02683
02688
02690
02692
02695
02705
02713
02720
02721
02723
02728
02742
02747
02754
02759
02767
02776
02795
02796
02812
02822
02830
02844
02849
02855
02860
02864
02904
02905
02911
02916
02926
02937
02945
02950
02960
02961
02973
02977
02984
02986
02992
02995
02996
02998
03000
03004
03017
03019
03020
03032
03036
03056
03058
03063
03068
03089
03093
03104
03106
03118
03126
03128
03130
03132
03135
03137
03142
03146
03147
03149
03152
03173
03175
03181
03189
03192
03195
03196
03197
03203
03207
03209
03211
03222
03225
03228
03233
03246
03255
03261
03269
03290
03292
03293
03303
03307
03308
03310
03315
03318
03322
03329
03333
03343
03350
03368
03369
03370
03376
03377
03382
03388
03390
03392
03396
03400
03401
03404
03405
03408
03417
03420
03421
03424
03426
03437
03455
03458
03462
03465
03477
03483
03492
03504
03513
03515
03516
03528
03560
03580
03585
03587
03601
03610
03614
03619
03626
03640
03643
03654
03663
03678
03679
03681
03682
03685
03691
03694
03695
03697
03704
03716
03722
03728
03733
03739
03749
03756
03759
03763
03780
03783
03786
03790
03795
03808
03809
03812
03817
03840
03846
03848
03851
03859
03863
03873
03883
03888
03900
03906
03928
03937
03938
03952
03959
03971
03973
03975
03979
03980
03992
04004
04009
04010
04020
04033
04040
04041
04045
04055
04058
04068
04071
04080
04090
04094
04098
04113
04138
04149
04150
04158
04159
04160
04178
04194
04196
04199




